-3.60422400000000E-0001  1.05875762357586E-0007
-3.56044800000000E-0001  1.05876746936274E-0007
-3.51667200000000E-0001  1.05877731524119E-0007
-3.47289600000000E-0001  1.05878716121120E-0007
-3.42912000000000E-0001  1.05879700727277E-0007
-3.38534400000000E-0001  1.05880685342590E-0007
-3.34156800000000E-0001  1.05881669967059E-0007
-3.29779200000000E-0001  1.05882654600685E-0007
-3.25401600000000E-0001  1.05883639243468E-0007
-3.21024000000000E-0001  1.05884623895406E-0007
-3.16646400000000E-0001  1.05885608556502E-0007
-3.12268800000000E-0001  1.05886593226754E-0007
-3.07891200000000E-0001  1.05887577906163E-0007
-3.03513600000000E-0001  1.05888562594729E-0007
-2.99136000000000E-0001  1.05889547292452E-0007
-2.94758400000000E-0001  1.05890531999332E-0007
-2.90380800000000E-0001  1.05891516715370E-0007
-2.86003200000000E-0001  1.05892501440564E-0007
-2.81625600000000E-0001  1.05893486174916E-0007
-2.77248000000000E-0001  1.05894470918425E-0007
-2.72870400000000E-0001  1.05895455671092E-0007
-2.68492800000000E-0001  1.05896440432916E-0007
-2.64115200000000E-0001  1.05897425203898E-0007
-2.59737600000000E-0001  1.05898409984038E-0007
-2.55360000000000E-0001  1.05899394773335E-0007
-2.50982400000000E-0001  1.05900379571791E-0007
-2.46604800000000E-0001  1.05901364379405E-0007
-2.42227200000000E-0001  1.05902349196176E-0007
-2.37849600000000E-0001  1.05903334022106E-0007
-2.33472000000000E-0001  1.05904318857194E-0007
-2.29094400000000E-0001  1.05905303701440E-0007
-2.24716800000000E-0001  1.05906288554845E-0007
-2.20339200000000E-0001  1.05907273417409E-0007
-2.15961600000000E-0001  1.05908258289131E-0007
-2.11584000000000E-0001  1.05909243170011E-0007
-2.07206400000000E-0001  1.05910228060051E-0007
-2.02828800000000E-0001  1.05911212959249E-0007
-1.98451200000000E-0001  1.05912197867606E-0007
-1.94073600000000E-0001  1.05913182785123E-0007
-1.89696000000000E-0001  1.05914167711798E-0007
-1.85318400000000E-0001  1.05915152647633E-0007
-1.80940800000000E-0001  1.05916137592627E-0007
-1.76563200000000E-0001  1.05917122546780E-0007
-1.72185600000000E-0001  1.05918107510093E-0007
-1.67808000000000E-0001  1.05919092482565E-0007
-1.63430400000000E-0001  1.05920077464197E-0007
-1.59052800000000E-0001  1.05921062454989E-0007
-1.54675200000000E-0001  1.05922047454940E-0007
-1.50297600000000E-0001  1.05923032464052E-0007
-1.45920000000000E-0001  1.05924017482323E-0007
-1.41542400000000E-0001  1.05925002509754E-0007
-1.37164800000000E-0001  1.05925987546346E-0007
-1.32787200000000E-0001  1.05926972592098E-0007
-1.28409600000000E-0001  1.05927957647010E-0007
-1.24032000000000E-0001  1.05928942711082E-0007
-1.19654400000000E-0001  1.05929927784315E-0007
-1.15276800000000E-0001  1.05930912866709E-0007
-1.10899200000000E-0001  1.05931897958263E-0007
-1.06521600000000E-0001  1.05932883058978E-0007
-1.02144000000000E-0001  1.05933868168853E-0007
-9.77664000000000E-0002  1.05934853287890E-0007
-9.33888000000000E-0002  1.05935838416088E-0007
-8.90112000000000E-0002  1.05936823553446E-0007
-8.46336000000000E-0002  1.05937808699966E-0007
-8.02560000000000E-0002  1.05938793855647E-0007
-7.58784000000000E-0002  1.05939779020490E-0007
-7.15008000000000E-0002  1.05940764194494E-0007
-6.71232000000000E-0002  1.05941749377659E-0007
-6.27456000000000E-0002  1.05942734569986E-0007
-5.83680000000000E-0002  1.05943719771475E-0007
-5.39904000000000E-0002  1.05944704982125E-0007
-4.96128000000000E-0002  1.05945690201937E-0007
-4.52352000000000E-0002  1.05946675430911E-0007
-4.08576000000000E-0002  1.05947660669048E-0007
-3.64800000000000E-0002  1.05948645916346E-0007
-3.21024000000000E-0002  1.05949631172806E-0007
-2.77248000000000E-0002  1.05950616438429E-0007
-2.33472000000000E-0002  1.05951601713214E-0007
-1.89696000000000E-0002  1.05952586997162E-0007
-1.45920000000000E-0002  1.05953572290272E-0007
-1.02144000000000E-0002  1.05954557592545E-0007
-5.83680000000002E-0003  1.05955542903980E-0007
-1.45920000000001E-0003  1.05956528224578E-0007
 2.91839999999998E-0003  1.05957515372206E-0007
 7.29599999999998E-0003  1.05958510237966E-0007
 1.16735999999999E-0002  1.05959513203104E-0007
 1.60512000000000E-0002  1.05960524131924E-0007
 2.04288000000000E-0002  1.05961542827386E-0007
 2.48064000000000E-0002  1.05962569032634E-0007
 2.91840000000000E-0002  1.05963602432970E-0007
 3.35616000000000E-0002  1.05964642658284E-0007
 3.79392000000000E-0002  1.05965689285909E-0007
 4.23168000000000E-0002  1.05966741843878E-0007
 4.66944000000000E-0002  1.05967799814564E-0007
 5.10720000000000E-0002  1.05968862638672E-0007
 5.54496000000000E-0002  1.05969929719551E-0007
 5.98272000000000E-0002  1.05971000427797E-0007
 6.42048000000000E-0002  1.05972074106105E-0007
 6.85824000000000E-0002  1.05973150074336E-0007
 7.29600000000000E-0002  1.05974227634766E-0007
 7.73376000000000E-0002  1.05975306077462E-0007
 8.17152000000000E-0002  1.05976384685759E-0007
 8.60928000000000E-0002  1.05977462741785E-0007
 9.04704000000000E-0002  1.05978539531999E-0007
 9.48480000000000E-0002  1.05979614352689E-0007
 9.92256000000000E-0002  1.05980686515405E-0007
 1.03603200000000E-0001  1.05981755352260E-0007
 1.07980800000000E-0001  1.05982820221086E-0007
 1.12358400000000E-0001  1.05983880510385E-0007
 1.16736000000000E-0001  1.05984935644042E-0007
 1.21113600000000E-0001  1.05985985085770E-0007
 1.25491200000000E-0001  1.05987028343245E-0007
 1.29868800000000E-0001  1.05988064971900E-0007
 1.34246400000000E-0001  1.05989094578358E-0007
 1.38624000000000E-0001  1.05990116823461E-0007
 1.43001600000000E-0001  1.05991131424886E-0007
 1.47379200000000E-0001  1.05992138159325E-0007
 1.51756800000000E-0001  1.05993136864205E-0007
 1.56134400000000E-0001  1.05994127438939E-0007
 1.60512000000000E-0001  1.05995109845708E-0007
 1.64889600000000E-0001  1.05996084109745E-0007
 1.69267200000000E-0001  1.05997050319148E-0007
 1.73644800000000E-0001  1.05998008624194E-0007
 1.78022400000000E-0001  1.05998959236186E-0007
 1.82400000000000E-0001  1.05999902425819E-0007
 1.86777600000000E-0001  1.06000838521093E-0007
 1.91155200000000E-0001  1.06001767904789E-0007
 1.95532800000000E-0001  1.06002691011510E-0007
 1.99910400000000E-0001  1.06003608324334E-0007
 2.04288000000000E-0001  1.06004520371088E-0007
 2.08665600000000E-0001  1.06005427720278E-0007
 2.13043200000000E-0001  1.06006330976705E-0007
 2.17420800000000E-0001  1.06007230776800E-0007
 2.21798400000000E-0001  1.06008127783717E-0007
 2.26176000000000E-0001  1.06009022682222E-0007
 2.30553600000000E-0001  1.06009916173408E-0007
 2.34931200000000E-0001  1.06010808969292E-0007
 2.39308800000000E-0001  1.06011701787322E-0007
 2.43686400000000E-0001  1.06012595344847E-0007
 2.48064000000000E-0001  1.06013490353585E-0007
 2.52441600000000E-0001  1.06014387514131E-0007
 2.56819200000000E-0001  1.06015287510562E-0007
 2.61196800000000E-0001  1.06016191005154E-0007
 2.65574400000000E-0001  1.06017098633280E-0007
 2.69952000000000E-0001  1.06018010998508E-0007
 2.74329600000000E-0001  1.06018928667949E-0007
 2.78707200000000E-0001  1.06019852167881E-0007
 2.83084800000000E-0001  1.06020781979694E-0007
 2.87462400000000E-0001  1.06021718536175E-0007
 2.91840000000000E-0001  1.06022662218173E-0007
 2.96217600000000E-0001  1.06023613351659E-0007
 3.00595200000000E-0001  1.06030137502990E-0007
 3.04972800000000E-0001  1.06414167599819E-0007
 3.09350400000000E-0001  1.07401907134233E-0007
 3.13728000000000E-0001  1.08996961435566E-0007
 3.18105600000000E-0001  1.11205147962305E-0007
 3.22483200000000E-0001  1.14034517492046E-0007
 3.26860800000000E-0001  1.17495383446248E-0007
 3.31238400000000E-0001  1.21600359456623E-0007
 3.35616000000000E-0001  1.26364405309979E-0007
 3.39993600000000E-0001  1.31804881438880E-0007
 3.44371200000000E-0001  1.37941612156593E-0007
 3.48748800000000E-0001  1.44796957866671E-0007
 3.53126400000000E-0001  1.52395896510169E-0007
 3.57504000000000E-0001  1.60766114547191E-0007
 3.61881600000000E-0001  1.69938107804137E-0007
 3.66259200000000E-0001  1.79945292554011E-0007
 3.70636800000000E-0001  1.90824127234377E-0007
 3.75014400000000E-0001  2.02614245246324E-0007
 3.79392000000000E-0001  2.15358599318164E-0007
 3.83769600000000E-0001  2.29103617959694E-0007
 3.88147200000000E-0001  2.43899374576908E-0007
 3.92524800000000E-0001  2.59799769863153E-0007
 3.96902400000000E-0001  2.76862728131088E-0007
 4.01280000000000E-0001  2.95150408300579E-0007
 4.05657600000000E-0001  3.14729430311042E-0007
 4.10035200000000E-0001  3.35671117782946E-0007
 4.14412800000000E-0001  3.58051757812355E-0007
 4.18790400000000E-0001  3.81952878844815E-0007
 4.23168000000000E-0001  4.07461547640718E-0007
 4.27545600000000E-0001  4.34670686413854E-0007
 4.31923200000000E-0001  4.63679411298300E-0007
 4.36300800000000E-0001  4.94593393376517E-0007
 4.40678400000000E-0001  5.27525243583684E-0007
 4.45056000000000E-0001  5.62594922890282E-0007
 4.49433600000000E-0001  5.99930179256983E-0007
 4.53811200000000E-0001  6.39667012953492E-0007
 4.58188800000000E-0001  6.81950171936192E-0007
 4.62566400000000E-0001  7.26933679089042E-0007
 4.66944000000000E-0001  7.74781393248168E-0007
 4.71321600000000E-0001  8.25667606053667E-0007
 4.75699200000000E-0001  8.79777676802640E-0007
 4.80076800000000E-0001  9.37308707615912E-0007
 4.84454400000000E-0001  9.98470261377683E-0007
 4.88832000000000E-0001  1.06348512506320E-0006
 4.93209600000000E-0001  1.13259012123492E-0006
 4.97587200000000E-0001  1.20603697066280E-0006
 5.01964800000000E-0001  1.28409320921118E-0006
 5.06342400000000E-0001  1.36704316233152E-0006
 5.10720000000000E-0001  1.45518898071096E-0006
 5.15097600000000E-0001  1.54885174084882E-0006
 5.19475200000000E-0001  1.64837261456987E-0006
 5.23852800000000E-0001  1.75411411173437E-0006
 5.28230400000000E-0001  1.86646140067139E-0006
 5.32608000000000E-0001  1.98582371114502E-0006
 5.36985600000000E-0001  2.11263582496379E-0006
 5.41363200000000E-0001  2.24735965966278E-0006
 5.45740800000000E-0001  2.39048595102694E-0006
 5.50118400000000E-0001  2.54253604058421E-0006
 5.54496000000000E-0001  2.70406377457927E-0006
 5.58873600000000E-0001  2.87565752134496E-0006
 5.63251200000000E-0001  3.05794231441956E-0006
 5.67628800000000E-0001  3.25158212921616E-0006
 5.72006400000000E-0001  3.45728230153689E-0006
 5.76384000000000E-0001  3.67579209674130E-0006
 5.80761600000000E-0001  3.90790743892717E-0006
 5.85139200000000E-0001  4.15447381006454E-0006
 5.89516800000000E-0001  4.41638932964314E-0006
 5.93894400000000E-0001  4.69460802605068E-0006
 5.98272000000000E-0001  4.99014331159789E-0006
 6.02649600000000E-0001  5.30407167384819E-0006
 6.07027200000000E-0001  5.63753659669720E-0006
 6.11404800000000E-0001  5.99175272548497E-0006
 6.15782400000000E-0001  6.36801029131191E-0006
 6.20160000000000E-0001  6.76767981067404E-0006
 6.24537600000000E-0001  7.19221707753582E-0006
 6.28915200000000E-0001  7.64316846602409E-0006
 6.33292800000000E-0001  8.12217656305801E-0006
 6.37670400000000E-0001  8.63098615143181E-0006
 6.42048000000000E-0001  9.17145056514340E-0006
 6.46425600000000E-0001  9.74553844011819E-0006
 6.50803200000000E-0001  1.03553408849174E-0005
 6.55180800000000E-0001  1.10030790975497E-0005
 6.59558400000000E-0001  1.16911124561308E-0005
 6.63936000000000E-0001  1.24219471128607E-0005
 6.68313600000000E-0001  1.31982451226214E-0005
 6.72691200000000E-0001  1.40228341394471E-0005
 6.77068800000000E-0001  1.48987177161849E-0005
 6.81446400000000E-0001  1.58290862448625E-0005
 6.85824000000000E-0001  1.68173285776130E-0005
 6.90201600000000E-0001  1.78670443704864E-0005
 6.94579200000000E-0001  1.89820571951084E-0005
 6.98956800000000E-0001  2.01664284659468E-0005
 7.03334400000000E-0001  2.14244722339143E-0005
 7.07712000000000E-0001  2.27607709001936E-0005
 7.12089600000000E-0001  2.41801919075215E-0005
 7.16467200000000E-0001  2.56879054697304E-0005
 7.20844800000000E-0001  2.72894034041256E-0005
 7.25222400000000E-0001  2.89905191352955E-0005
 7.29600000000000E-0001  3.07974489432186E-0005
 7.33977600000000E-0001  3.27167745330609E-0005
 7.38355200000000E-0001  3.47554870088771E-0005
 7.42732800000000E-0001  3.69210123385357E-0005
 7.47110400000000E-0001  3.92212384026256E-0005
 7.51488000000000E-0001  4.16645437258678E-0005
 7.55865600000000E-0001  4.42598279956883E-0005
 7.60243200000000E-0001  4.70165444791101E-0005
 7.64620800000000E-0001  4.99447344560490E-0005
 7.68998400000000E-0001  5.30550637944288E-0005
 7.73376000000000E-0001  5.63588618003461E-0005
 7.77753600000000E-0001  5.98681624847888E-0005
 7.82131200000000E-0001  6.35957483972294E-0005
 7.86508800000000E-0001  6.75551971857464E-0005
 7.90886400000000E-0001  7.17609310532780E-0005
 7.95264000000000E-0001  7.62282692901416E-0005
 7.99641600000000E-0001  8.09734840741763E-0005
 8.04019200000000E-0001  8.60138597417510E-0005
 8.08396800000000E-0001  9.13677557455391E-0005
 8.12774400000000E-0001  9.70546735283744E-0005
 8.17152000000000E-0001  1.03095327556780E-0004
 8.21529600000000E-0001  1.09511720772909E-0004
 8.25907200000000E-0001  1.16327224739721E-0004
 8.30284800000000E-0001  1.23566664771327E-0004
 8.34662400000000E-0001  1.31256410358592E-0004
 8.39040000000000E-0001  1.39424471219363E-0004
 8.43417600000000E-0001  1.48100599323178E-0004
 8.47795200000000E-0001  1.57316397262087E-0004
 8.52172800000000E-0001  1.67105433362325E-0004
 8.56550400000000E-0001  1.77503363956115E-0004
 8.60928000000000E-0001  1.88548063258995E-0004
 8.65305600000000E-0001  2.00279761325709E-0004
 8.69683200000000E-0001  2.12741190587211E-0004
 8.74060800000000E-0001  2.25977741502493E-0004
 8.78438400000000E-0001  2.40037627892225E-0004
 8.82816000000000E-0001  2.54972062556415E-0004
 8.87193600000000E-0001  2.70835443815788E-0004
 8.91571200000000E-0001  2.87685553656331E-0004
 8.95948800000000E-0001  3.05583768198772E-0004
 9.00326400000000E-0001  3.24595281259594E-0004
 9.04704000000000E-0001  3.44789341817923E-0004
 9.09081600000000E-0001  3.66239506253235E-0004
 9.13459200000000E-0001  3.89023906272681E-0004
 9.17836800000000E-0001  4.13225533503905E-0004
 9.22214400000000E-0001  4.38932541790037E-0004
 9.26592000000000E-0001  4.66238568287895E-0004
 9.30969600000000E-0001  4.95243074539054E-0004
 9.35347200000000E-0001  5.26051708756067E-0004
 9.39724800000000E-0001  5.58776690643512E-0004
 9.44102400000000E-0001  5.93537220155507E-0004
 9.48480000000000E-0001  6.30459911678641E-0004
 9.52857600000000E-0001  6.69679255221773E-0004
 9.57235200000000E-0001  7.11338106292615E-0004
 9.61612800000000E-0001  7.55588206245410E-0004
 9.65990400000000E-0001  8.02590734995120E-0004
 9.70368000000000E-0001  8.52516898111317E-0004
 9.74745600000000E-0001  9.05548550430294E-0004
 9.79123200000000E-0001  9.61878858456855E-0004
 9.83500800000000E-0001  1.02171300396858E-0003
 9.87878400000000E-0001  1.08526893138545E-0003
 9.92256000000000E-0001  1.15277814162707E-0003
 9.96633600000000E-0001  1.22448653534910E-0003
 1.00101120000000E+0000  1.30065530863036E-0003
 1.00538880000000E+0000  1.38156190437322E-0003
 1.00976640000000E+0000  1.46750102288254E-0003
 1.01414400000000E+0000  1.55878569530435E-0003
 1.01852160000000E+0000  1.65574842383415E-0003
 1.02289920000000E+0000  1.75874239284800E-0003
 1.02727680000000E+0000  1.86814275536802E-0003
 1.03165440000000E+0000  1.98434799954809E-0003
 1.03603200000000E+0000  2.10778140015714E-0003
 1.04040960000000E+0000  2.23889256034731E-0003
 1.04478720000000E+0000  2.37815904932227E-0003
 1.04916480000000E+0000  2.52608814187146E-0003
 1.05354240000000E+0000  2.68321866610609E-0003
 1.05792000000000E+0000  2.85012296612743E-0003
 1.06229760000000E+0000  3.02740898677605E-0003
 1.06667520000000E+0000  3.21572248805622E-0003
 1.07105280000000E+0000  3.41574939730079E-0003
 1.07543040000000E+0000  3.62821830764490E-0003
 1.07980800000000E+0000  3.85390313190848E-0003
 1.08418560000000E+0000  4.09362592155490E-0003
 1.08856320000000E+0000  4.34825986099333E-0003
 1.09294080000000E+0000  4.61873244813153E-0003
 1.09731840000000E+0000  4.90602887276437E-0003
 1.10169600000000E+0000  5.21119560510360E-0003
 1.10607360000000E+0000  5.53534420751994E-0003
 1.11045120000000E+0000  5.87965538338189E-0003
 1.11482880000000E+0000  6.24538327773883E-0003
 1.11920640000000E+0000  6.63386004551391E-0003
 1.12358400000000E+0000  7.04650070384551E-0003
 1.12796160000000E+0000  7.48480828625274E-0003
 1.13233920000000E+0000  7.95037931739825E-0003
 1.13671680000000E+0000  8.44490962839043E-0003
 1.14109440000000E+0000  8.97020053380650E-0003
 1.14547200000000E+0000  9.52816539293704E-0003
 1.14984960000000E+0000  1.01208365791503E-0002
 1.15422720000000E+0000  1.07503728827628E-0002
 1.15860480000000E+0000  1.14190673743797E-0002
 1.16298240000000E+0000  1.21293557573493E-0002
 1.16736000000000E+0000  1.28838252397520E-0002
 1.17173760000000E+0000  1.36852239582431E-0002
 1.17611520000000E+0000  1.45364709880734E-0002
 1.18049280000000E+0000  1.54406669757491E-0002
 1.18487040000000E+0000  1.64011054330613E-0002
 1.18924800000000E+0000  1.74212847336217E-0002
 1.19362560000000E+0000  1.85049208556032E-0002
 1.19800320000000E+0000  1.96559609171004E-0002
 1.20238080000000E+0000  2.08785975534089E-0002
 1.20675840000000E+0000  2.21772841885988E-0002
 1.21113600000000E+0000  2.35567512570018E-0002
 1.21551360000000E+0000  2.50220234337033E-0002
 1.21989120000000E+0000  2.65784379367979E-0002
 1.22426880000000E+0000  2.82316639680769E-0002
 1.22864640000000E+0000  2.99877233629559E-0002
 1.23302400000000E+0000  3.18530125248642E-0002
 1.23740160000000E+0000  3.38343257239874E-0002
 1.24177920000000E+0000  3.59388798452310E-0002
 1.24615680000000E+0000  3.81743406755465E-0002
 1.25053440000000E+0000  4.05488508263734E-0002
 1.25491200000000E+0000  4.30710593929025E-0002
 1.25928960000000E+0000  4.57501534581930E-0002
 1.26366720000000E+0000  4.85958915568996E-0002
 1.26804480000000E+0000  5.16186392204947E-0002
 1.27242240000000E+0000  5.48294067334638E-0002
 1.27680000000000E+0000  5.82398892379980E-0002
 1.28117760000000E+0000  6.18625093332643E-0002
 1.28555520000000E+0000  6.57104623244178E-0002
 1.28993280000000E+0000  6.97977642861789E-0002
 1.29431040000000E+0000  7.41393031160426E-0002
 1.29868800000000E+0000  7.87508927630833E-0002
 1.30306560000000E+0000  8.36125689188799E-0002
 1.30744320000000E+0000  8.86269547135717E-0002
 1.31182080000000E+0000  9.37876098073540E-0002
 1.31619840000000E+0000  9.90945630937260E-0002
 1.32057600000000E+0000  1.04547844285317E-0001
 1.32495360000000E+0000  1.10147483914052E-0001
 1.32933120000000E+0000  1.15893513331331E-0001
 1.33370880000000E+0000  1.21785964708201E-0001
 1.33808640000000E+0000  1.27824871035550E-0001
 1.34246400000000E+0000  1.34010266124287E-0001
 1.34684160000000E+0000  1.40342184605541E-0001
 1.35121920000000E+0000  1.46820661930852E-0001
 1.35559680000000E+0000  1.53445734372382E-0001
 1.35997440000000E+0000  1.60217439023118E-0001
 1.36435200000000E+0000  1.67135813797082E-0001
 1.36872960000000E+0000  1.74200897429551E-0001
 1.37310720000000E+0000  1.81412729477281E-0001
 1.37748480000000E+0000  1.88771350318723E-0001
 1.38186240000000E+0000  1.96276801154265E-0001
 1.38624000000000E+0000  2.03929124006464E-0001
 1.39061760000000E+0000  2.11728361720279E-0001
 1.39499520000000E+0000  2.19674557963328E-0001
 1.39937280000000E+0000  2.27767757226127E-0001
 1.40375040000000E+0000  2.36008004822353E-0001
 1.40812800000000E+0000  2.44395346889098E-0001
 1.41250560000000E+0000  2.52929830387130E-0001
 1.41688320000000E+0000  2.61611503101168E-0001
 1.42126080000000E+0000  2.70440413640149E-0001
 1.42563840000000E+0000  2.79416611437512E-0001
 1.43001600000000E+0000  2.88540146751481E-0001
 1.43439360000000E+0000  2.97811070665340E-0001
 1.43877120000000E+0000  3.07229435087740E-0001
 1.44314880000000E+0000  3.16795292752984E-0001
 1.44752640000000E+0000  3.26508697221343E-0001
 1.45190400000000E+0000  3.36369702879343E-0001
 1.45628160000000E+0000  3.46378364940089E-0001
 1.46065920000000E+0000  3.56534739443581E-0001
 1.46503680000000E+0000  3.66838883257029E-0001
 1.46941440000000E+0000  3.77290854075176E-0001
 1.47379200000000E+0000  3.87890710420636E-0001
 1.47816960000000E+0000  3.98638511644221E-0001
 1.48254720000000E+0000  4.09534317925286E-0001
 1.48692480000000E+0000  4.20578190272065E-0001
 1.49130240000000E+0000  4.31770190522034E-0001
 1.49568000000000E+0000  4.43110381342246E-0001
 1.50005760000000E+0000  4.54598826229704E-0001
 1.50443520000000E+0000  4.66235589511716E-0001
 1.50881280000000E+0000  4.78020736346270E-0001
 1.51319040000000E+0000  4.89954332722394E-0001
 1.51756800000000E+0000  5.02036445460543E-0001
 1.52194560000000E+0000  5.14267142212984E-0001
 1.52632320000000E+0000  5.26646491464173E-0001
 1.53070080000000E+0000  5.39174562531148E-0001
 1.53507840000000E+0000  5.51851425563935E-0001
 1.53945600000000E+0000  5.64677151545937E-0001
 1.54383360000000E+0000  5.77651812294347E-0001
 1.54821120000000E+0000  5.90775480460553E-0001
 1.55258880000000E+0000  6.04048229530560E-0001
 1.55696640000000E+0000  6.17470133825406E-0001
 1.56134400000000E+0000  6.31041268501585E-0001
 1.56572160000000E+0000  6.44761709551482E-0001
 1.57009920000000E+0000  6.58631533803798E-0001
 1.57447680000000E+0000  6.72650818924007E-0001
 1.57885440000000E+0000  6.86819643414776E-0001
 1.58323200000000E+0000  7.01138086616430E-0001
 1.58760960000000E+0000  7.15606228707402E-0001
 1.59198720000000E+0000  7.30224150704697E-0001
 1.59636480000000E+0000  7.44991934464336E-0001
 1.60074240000000E+0000  7.59909662681849E-0001
 1.60512000000000E+0000  7.74977418892724E-0001
 1.60949760000000E+0000  7.90195287472906E-0001
 1.61387520000000E+0000  8.05563353639265E-0001
 1.61825280000000E+0000  8.21081703450083E-0001
 1.62263040000000E+0000  8.36750423805553E-0001
 1.62700800000000E+0000  8.52569602448277E-0001
 1.63138560000000E+0000  8.68539327963761E-0001
 1.63576320000000E+0000  8.84659689780919E-0001
 1.64014080000000E+0000  9.00930778172590E-0001
 1.64451840000000E+0000  9.17352684256061E-0001
 1.64889600000000E+0000  9.33925499993566E-0001
 1.65327360000000E+0000  9.50098885352446E-0001
 1.65765120000000E+0000  9.64484442609971E-0001
 1.66202880000000E+0000  9.76960542703931E-0001
 1.66640640000000E+0000  9.87475364196052E-0001
 1.67078400000000E+0000  9.95780178154273E-0001
 1.67516160000000E+0000  1.00000000000000E+0000
 1.67953920000000E+0000  9.99684310882071E-0001
 1.68391680000000E+0000  9.96340656695127E-0001
 1.68829440000000E+0000  9.90937382883314E-0001
 1.69267200000000E+0000  9.83496932762166E-0001
 1.69704960000000E+0000  9.74050211383221E-0001
 1.70142720000000E+0000  9.63252244686018E-0001
 1.70580480000000E+0000  9.52469958306477E-0001
 1.71018240000000E+0000  9.41751010818818E-0001
 1.71456000000000E+0000  9.31095342174789E-0001
 1.71893760000000E+0000  9.20502892681032E-0001
 1.72331520000000E+0000  9.09973602998737E-0001
 1.72769280000000E+0000  8.99507414143305E-0001
 1.73207040000000E+0000  8.89104267484014E-0001
 1.73644800000000E+0000  8.78764104743678E-0001
 1.74082560000000E+0000  8.68486867998313E-0001
 1.74520320000000E+0000  8.58272499676818E-0001
 1.74958080000000E+0000  8.48120942560630E-0001
 1.75395840000000E+0000  8.38032139783408E-0001
 1.75833600000000E+0000  8.28006034830705E-0001
 1.76271360000000E+0000  8.18042571539641E-0001
 1.76709120000000E+0000  8.08141694098586E-0001
 1.77146880000000E+0000  7.98303347046846E-0001
 1.77584640000000E+0000  7.88527475274333E-0001
 1.78022400000000E+0000  7.78814024021259E-0001
 1.78460160000000E+0000  7.69162938877827E-0001
 1.78897920000000E+0000  7.59574165783908E-0001
 1.79335680000000E+0000  7.50047651028739E-0001
 1.79773440000000E+0000  7.40583341250618E-0001
 1.80211200000000E+0000  7.31181183436596E-0001
 1.80648960000000E+0000  7.21841124922172E-0001
 1.81086720000000E+0000  7.12563113390999E-0001
 1.81524480000000E+0000  7.03347096874574E-0001
 1.81962240000000E+0000  6.94193023751952E-0001
 1.82400000000000E+0000  6.85100842749445E-0001
 1.82837760000000E+0000  6.76070502940331E-0001
 1.83275520000000E+0000  6.67101953744561E-0001
 1.83713280000000E+0000  6.58195144928469E-0001
 1.84151040000000E+0000  6.49350026604491E-0001
 1.84588800000000E+0000  6.40566549230875E-0001
 1.85026560000000E+0000  6.31844663611396E-0001
 1.85464320000000E+0000  6.23184320895079E-0001
 1.85902080000000E+0000  6.14585472575919E-0001
 1.86339840000000E+0000  6.06048070492601E-0001
 1.86777600000000E+0000  5.97572066828228E-0001
 1.87215360000000E+0000  5.89157414110046E-0001
 1.87653120000000E+0000  5.80804065209173E-0001
 1.88090880000000E+0000  5.72511973340329E-0001
 1.88528640000000E+0000  5.64281092061571E-0001
 1.88966400000000E+0000  5.56111375274023E-0001
 1.89404160000000E+0000  5.48002777221619E-0001
 1.89841920000000E+0000  5.39955252490835E-0001
 1.90279680000000E+0000  5.31968756010432E-0001
 1.90717440000000E+0000  5.24043243051201E-0001
 1.91155200000000E+0000  5.16178669225700E-0001
 1.91592960000000E+0000  5.08374990488014E-0001
 1.92030720000000E+0000  5.00632163133484E-0001
 1.92468480000000E+0000  4.92950143798474E-0001
 1.92906240000000E+0000  4.85328889460115E-0001
 1.93344000000000E+0000  4.77768357436064E-0001
 1.93781760000000E+0000  4.70268505384253E-0001
 1.94219520000000E+0000  4.62829291302648E-0001
 1.94657280000000E+0000  4.55450673529023E-0001
 1.95095040000000E+0000  4.48132610740698E-0001
 1.95532800000000E+0000  4.40875061954325E-0001
 1.95970560000000E+0000  4.33677986525636E-0001
 1.96408320000000E+0000  4.26541344149229E-0001
 1.96846080000000E+0000  4.19465094858319E-0001
 1.97283840000000E+0000  4.12449199024521E-0001
 1.97721600000000E+0000  4.05493617357620E-0001
 1.98159360000000E+0000  3.98598310905350E-0001
 1.98597120000000E+0000  3.91763241053165E-0001
 1.99034880000000E+0000  3.84988369524024E-0001
 1.99472640000000E+0000  3.78273658378168E-0001
 1.99910400000000E+0000  3.71619070012907E-0001
 2.00348160000000E+0000  3.65024567162401E-0001
 2.00785920000000E+0000  3.58490112897452E-0001
 2.01223680000000E+0000  3.52015670625285E-0001
 2.01661440000000E+0000  3.45601204089352E-0001
 2.02099200000000E+0000  3.39246677369109E-0001
 2.02536960000000E+0000  3.32952054879823E-0001
 2.02974720000000E+0000  3.26717301372360E-0001
 2.03412480000000E+0000  3.20542381932992E-0001
 2.03850240000000E+0000  3.14427261983191E-0001
 2.04288000000000E+0000  3.08371907279433E-0001
 2.04725760000000E+0000  3.02376283913000E-0001
 2.05163520000000E+0000  2.96440358309797E-0001
 2.05601280000000E+0000  2.90564097230142E-0001
 2.06039040000000E+0000  2.84747467768592E-0001
 2.06476800000000E+0000  2.78990437353746E-0001
 2.06914560000000E+0000  2.73292973748064E-0001
 2.07352320000000E+0000  2.67655045047679E-0001
 2.07790080000000E+0000  2.62076619682216E-0001
 2.08227840000000E+0000  2.56557666414610E-0001
 2.08665600000000E+0000  2.51098154340933E-0001
 2.09103360000000E+0000  2.45698052890211E-0001
 2.09541120000000E+0000  2.40357331824251E-0001
 2.09978880000000E+0000  2.35075961237470E-0001
 2.10416640000000E+0000  2.29853911556721E-0001
 2.10854400000000E+0000  2.24691153541129E-0001
 2.11292160000000E+0000  2.19587658281920E-0001
 2.11729920000000E+0000  2.14543397202254E-0001
 2.12167680000000E+0000  2.09558342057065E-0001
 2.12605440000000E+0000  2.04632464932902E-0001
 2.13043200000000E+0000  1.99765738247761E-0001
 2.13480960000000E+0000  1.94958134750936E-0001
 2.13918720000000E+0000  1.90209627522859E-0001
 2.14356480000000E+0000  1.85520189974948E-0001
 2.14794240000000E+0000  1.80889795849451E-0001
 2.15232000000000E+0000  1.76318419219301E-0001
 2.15669760000000E+0000  1.71806034487964E-0001
 2.16107520000000E+0000  1.67352616389297E-0001
 2.16545280000000E+0000  1.62958139987400E-0001
 2.16983040000000E+0000  1.58622580676473E-0001
 2.17420800000000E+0000  1.54345914180676E-0001
 2.17858560000000E+0000  1.50128116553994E-0001
 2.18296320000000E+0000  1.45969164180097E-0001
 2.18734080000000E+0000  1.41869033772202E-0001
 2.19171840000000E+0000  1.37827702372944E-0001
 2.19609600000000E+0000  1.33845147354247E-0001
 2.20047360000000E+0000  1.29921346417189E-0001
 2.20485120000000E+0000  1.26056277591876E-0001
 2.20922880000000E+0000  1.22249919237317E-0001
 2.21360640000000E+0000  1.18502250041307E-0001
 2.21798400000000E+0000  1.14813249020291E-0001
 2.22236160000000E+0000  1.11182895519258E-0001
 2.22673920000000E+0000  1.07611169211611E-0001
 2.23111680000000E+0000  1.04098050099063E-0001
 2.23549440000000E+0000  1.00643518511512E-0001
 2.23987200000000E+0000  9.72475551069361E-0002
 2.24424960000000E+0000  9.39101408712772E-0002
 2.24862720000000E+0000  9.06312571183365E-0002
 2.25300480000000E+0000  8.74108854896664E-0002
 2.25738240000000E+0000  8.42490079544647E-0002
 2.26176000000000E+0000  8.11456068094718E-0002
 2.26613760000000E+0000  7.81006646788718E-0002
 2.27051520000000E+0000  7.51141645141893E-0002
 2.27489280000000E+0000  7.21860895941950E-0002
 2.27927040000000E+0000  6.93164235248085E-0002
 2.28364800000000E+0000  6.65051502390056E-0002
 2.28802560000000E+0000  6.37522539967264E-0002
 2.29240320000000E+0000  6.10577193847840E-0002
 2.29678080000000E+0000  5.84215313167780E-0002
 2.30115840000000E+0000  5.58436750330075E-0002
 2.30553600000000E+0000  5.33241361003873E-0002
 2.30991360000000E+0000  5.08629004123645E-0002
 2.31429120000000E+0000  4.84599541888382E-0002
 2.31866880000000E+0000  4.61152839760813E-0002
 2.32304640000000E+0000  4.38288766466634E-0002
 2.32742400000000E+0000  4.16007193993757E-0002
 2.33180160000000E+0000  3.94307997591559E-0002
 2.33617920000000E+0000  3.73191055770214E-0002
 2.34055680000000E+0000  3.52656250299950E-0002
 2.34493440000000E+0000  3.32703466210409E-0002
 2.34931200000000E+0000  3.13358330311094E-0002
 2.35368960000000E+0000  2.95008315712220E-0002
 2.35806720000000E+0000  2.77732862558944E-0002
 2.36244480000000E+0000  2.61469045435396E-0002
 2.36682240000000E+0000  2.46157623785216E-0002
 2.37120000000000E+0000  2.31742826129276E-0002
 2.37557760000000E+0000  2.18172146919436E-0002
 2.37995520000000E+0000  2.05396155288355E-0002
 2.38433280000000E+0000  1.93368314998778E-0002
 2.38871040000000E+0000  1.82044814936417E-0002
 2.39308800000000E+0000  1.71384409529057E-0002
 2.39746560000000E+0000  1.61348268510545E-0002
 2.40184320000000E+0000  1.51899835482509E-0002
 2.40622080000000E+0000  1.43004694758567E-0002
 2.41059840000000E+0000  1.34630446006031E-0002
 2.41497600000000E+0000  1.26746586228484E-0002
 2.41935360000000E+0000  1.19324398659367E-0002
 2.42373120000000E+0000  1.12336848161850E-0002
 2.42810880000000E+0000  1.05758482754018E-0002
 2.43248640000000E+0000  9.95653409006422E-0003
 2.43686400000000E+0000  9.37348642338707E-0003
 2.44124160000000E+0000  8.82458153849329E-0003
 2.44561920000000E+0000  8.30782006275380E-0003
 2.44999680000000E+0000  7.82131970512169E-0003
 2.45437440000000E+0000  7.36330839993295E-0003
 2.45875200000000E+0000  6.93211785220085E-0003
 2.46312960000000E+0000  6.52617746089209E-0003
 2.46750720000000E+0000  6.14400859805094E-0003
 2.47188480000000E+0000  5.78421922293296E-0003
 2.47626240000000E+0000  5.44549881153082E-0003
 2.48064000000000E+0000  5.12661358302249E-0003
 2.48501760000000E+0000  4.82640200575480E-0003
 2.48939520000000E+0000  4.54377056639278E-0003
 2.49377280000000E+0000  4.27768978682399E-0003
 2.49815040000000E+0000  4.02719047430989E-0003
 2.50252800000000E+0000  3.79136019122463E-0003
 2.50690560000000E+0000  3.56933993152366E-0003
 2.51128320000000E+0000  3.36032099183489E-0003
 2.51566080000000E+0000  3.16354202577674E-0003
 2.52003840000000E+0000  2.97828627077226E-0003
 2.52441600000000E+0000  2.80387893725917E-0003
 2.52879360000000E+0000  2.63968475078524E-0003
 2.53317120000000E+0000  2.48510563803678E-0003
 2.53754880000000E+0000  2.33957854837102E-0003
 2.54192640000000E+0000  2.20257340291805E-0003
 2.54630400000000E+0000  2.07359116378146E-0003
 2.55068160000000E+0000  1.95216201630497E-0003
 2.55505920000000E+0000  1.83784365778406E-0003
 2.55943680000000E+0000  1.73021968638916E-0003
 2.56381440000000E+0000  1.62889808443218E-0003
 2.56819200000000E+0000  1.53350979045165E-0003
 2.57256960000000E+0000  1.44370735491539E-0003
 2.57694720000000E+0000  1.35916367464403E-0003
 2.58132480000000E+0000  1.27957080134575E-0003
 2.58570240000000E+0000  1.20463881992208E-0003
 2.59008000000000E+0000  1.13409479245932E-0003
 2.59445760000000E+0000  1.06768176405876E-0003
 2.59883520000000E+0000  1.00515782688485E-0003
 2.60321280000000E+0000  9.46295239021733E-0004
 2.60759040000000E+0000  8.90879594928935E-0004
 2.61196800000000E+0000  8.38709044474419E-0004
 2.61634560000000E+0000  7.89593557700384E-0004
 2.62072320000000E+0000  7.43354232643825E-0004
 2.62510080000000E+0000  6.99822643690486E-0004
 2.62947840000000E+0000  6.58840228088681E-0004
 2.63385600000000E+0000  6.20257708388339E-0004
 2.63823360000000E+0000  5.83934548701556E-0004
 2.64261120000000E+0000  5.49738442804051E-0004
 2.64698880000000E+0000  5.17544832212973E-0004
 2.65136640000000E+0000  4.87236452485685E-0004
 2.65574400000000E+0000  4.58702906086875E-0004
 2.66012160000000E+0000  4.31840260268267E-0004
 2.66449920000000E+0000  4.06550668496088E-0004
 2.66887680000000E+0000  3.82742014047490E-0004
 2.67325440000000E+0000  3.60327574477615E-0004
 2.67763200000000E+0000  3.39225705735238E-0004
 2.68200960000000E+0000  3.19359544776274E-0004
 2.68638720000000E+0000  3.00656729592044E-0004
 2.69076480000000E+0000  2.83049135632408E-0004
 2.69514240000000E+0000  2.66472627663779E-0004
 2.69952000000000E+0000  2.50866826158074E-0004
 2.70389760000000E+0000  2.36174887361785E-0004
 2.70827520000000E+0000  2.22343296243980E-0004
 2.71265280000000E+0000  2.09321671569116E-0004
 2.71703040000000E+0000  1.97062582384624E-0004
 2.72140800000000E+0000  1.85521375254813E-0004
 2.72578560000000E+0000  1.74656011611834E-0004
 2.73016320000000E+0000  1.64426914631217E-0004
 2.73454080000000E+0000  1.54796825074258E-0004
 2.73891840000000E+0000  1.45730665572150E-0004
 2.74329600000000E+0000  1.37195412857529E-0004
 2.74767360000000E+0000  1.29159977478024E-0004
 2.75205120000000E+0000  1.21595090553694E-0004
 2.75642880000000E+0000  1.14473197165839E-0004
 2.76080640000000E+0000  1.07768355988891E-0004
 2.76518400000000E+0000  1.01456144799768E-0004
 2.76956160000000E+0000  9.55135715205155E-0005
 2.77393920000000E+0000  8.99189904702346E-0005
 2.77831680000000E+0000  8.46520235212119E-0005
 2.78269440000000E+0000  7.96934858720930E-0005
 2.78707200000000E+0000  7.50253161677063E-0005
 2.79144960000000E+0000  7.06305107110232E-0005
 2.79582720000000E+0000  6.64930615276032E-0005
 2.80020480000000E+0000  6.25978980569437E-0005
 2.80458240000000E+0000  5.89308322583254E-0005
 2.80896000000000E+0000  5.54785069312256E-0005
 2.81333760000000E+0000  5.22283470620398E-0005
 2.81771520000000E+0000  4.91685140199022E-0005
 2.82209280000000E+0000  4.62878624347625E-0005
 2.82647040000000E+0000  4.35758996006469E-0005
 2.83084800000000E+0000  4.10227472562348E-0005
 2.83522560000000E+0000  3.86191056035320E-0005
 2.83960320000000E+0000  3.63562194335847E-0005
 2.84398080000000E+0000  3.42258462358436E-0005
 2.84835840000000E+0000  3.22202261750224E-0005
 2.85273600000000E+0000  3.03320538260864E-0005
 2.85711360000000E+0000  2.85544515644205E-0005
 2.86149120000000E+0000  2.68809445142497E-0005
 2.86586880000000E+0000  2.53054369640625E-0005
 2.87024640000000E+0000  2.38221901631308E-0005
 2.87462400000000E+0000  2.24258014182502E-0005
 2.87900160000000E+0000  2.11111844145626E-0005
 2.88337920000000E+0000  1.98735506887780E-0005
 2.88775680000000E+0000  1.87083921873147E-0005
 2.89213440000000E+0000  1.76114648458243E-0005
 2.89651200000000E+0000  1.65787731302902E-0005
 2.90088960000000E+0000  1.56065554833936E-0005
 2.90526720000000E+0000  1.46912706231322E-0005
 2.90964480000000E+0000  1.38295846437877E-0005
 2.91402240000000E+0000  1.30183588722554E-0005
 2.91840000000000E+0000  1.22546384355035E-0005
 2.92277760000000E+0000  1.15356414975217E-0005
 2.92715520000000E+0000  1.08587491265504E-0005
 2.93153280000000E+0000  1.02214957556861E-0005
 2.93591040000000E+0000  9.62156020211451E-0006
 2.94028800000000E+0000  9.05675721225815E-0006
 2.94466560000000E+0000  8.52502950204470E-0006
 2.94904320000000E+0000  8.02444026329900E-0006
 2.95342080000000E+0000  7.55316610896731E-0006
 2.95779840000000E+0000  7.10949043147411E-0006
 2.96217600000000E+0000  6.69179715002139E-0006
 2.96655360000000E+0000  6.29856482405334E-0006
 2.97093120000000E+0000  5.92836111144678E-0006
 2.97530880000000E+0000  5.57983755123958E-0006
 2.97968640000000E+0000  5.25172465189502E-0006
 2.98406400000000E+0000  4.94282726720952E-0006
 2.98844160000000E+0000  4.65202024302186E-0006
 2.99281920000000E+0000  4.37824431886685E-0006
 2.99719680000000E+0000  4.12050226964482E-0006
 3.00157440000000E+0000  3.87785527325361E-0006
 3.00595200000000E+0000  3.64941949095196E-0006
 3.01032960000000E+0000  3.43436284799859E-0006
 3.01470720000000E+0000  3.23190200284025E-0006
 3.01908480000000E+0000  3.04129949380926E-0006
 3.02346240000000E+0000  2.86186105293737E-0006
 3.02784000000000E+0000  2.69293307710172E-0006
 3.03221760000000E+0000  2.53390024729144E-0006
 3.03659520000000E+0000  2.38418328732314E-0006
 3.04097280000000E+0000  2.24323685384162E-0006
 3.04535040000000E+0000  2.11054754991998E-0006
 3.04972800000000E+0000  1.98563205502397E-0006
 3.05410560000000E+0000  1.86803536452858E-0006
 3.05848320000000E+0000  1.75732913237500E-0006
 3.06286080000000E+0000  1.65311011083041E-0006
 3.06723840000000E+0000  1.55499868166814E-0006
 3.07161600000000E+0000  1.46263747341740E-0006
 3.07599360000000E+0000  1.37569005964653E-0006
 3.08037120000000E+0000  1.29383973353788E-0006
 3.08474880000000E+0000  1.21678835429105E-0006
 3.08912640000000E+0000  1.14425526115226E-0006
 3.09350400000000E+0000  1.07597625111438E-0006
 3.09788160000000E+0000  1.01170261656400E-0006
 3.10225920000000E+0000  9.51200239370029E-0007
 3.10663680000000E+0000  8.94248738114057E-0007
 3.11101440000000E+0000  8.40640665356481E-0007
 3.11539200000000E+0000  7.90180752014272E-0007
 3.11976960000000E+0000  7.42685196098097E-0007
 3.12414720000000E+0000  6.97980993218082E-0007
 3.12852480000000E+0000  6.55905306419524E-0007
 3.13290240000000E+0000  6.16304873053294E-0007
 3.13728000000000E+0000  5.79035446520372E-0007
 3.14165760000000E+0000  5.43961270857129E-0007
 3.14603520000000E+0000  5.10954586247562E-0007
 3.15041280000000E+0000  4.79895163661265E-0007
 3.15479040000000E+0000  4.50669866922153E-0007
 3.15916800000000E+0000  4.23172240612686E-0007
 3.16354560000000E+0000  3.97302122312619E-0007
 3.16792320000000E+0000  3.72965277759830E-0007
 3.17230080000000E+0000  3.50073057604333E-0007
 3.17667840000000E+0000  3.28542074505180E-0007
 3.18105600000000E+0000  3.08293899394116E-0007
 3.18543360000000E+0000  2.89254775799601E-0007
 3.18981120000000E+0000  2.71355351190685E-0007
 3.19418880000000E+0000  2.54530424362097E-0007
 3.19856640000000E+0000  2.38718707940448E-0007
 3.20294400000000E+0000  2.23862605146479E-0007
 3.20732160000000E+0000  2.09908000000190E-0007
 3.21169920000000E+0000  1.96804060204722E-0007
 3.21607680000000E+0000  1.84503051990934E-0007
 3.22045440000000E+0000  1.72960166248341E-0007
 3.22483200000000E+0000  1.62133355309006E-0007
 3.22920960000000E+0000  1.51983179789949E-0007
 3.23358720000000E+0000  1.42472664936150E-0007
 3.23796480000000E+0000  1.33567165940913E-0007
 3.24234240000000E+0000  1.25234241753001E-0007
 3.24672000000000E+0000  1.17443536910905E-0007
 3.25109760000000E+0000  1.10166670973813E-0007
 3.25547520000000E+0000  1.03377135146546E-0007
 3.25985280000000E+0000  9.70501957219265E-0008
 3.26423040000000E+0000  9.11628039888481E-0008
 3.26860800000000E+0000  8.56935122779136E-0008
 3.27298560000000E+0000  8.06223958388193E-0008
 3.27736320000000E+0000  7.59309802649426E-0008
 3.28174080000000E+0000  7.16021742007652E-0008
 3.28611840000000E+0000  6.76202070870298E-0008
 3.29049600000000E+0000  6.39705717168614E-0008
 3.29487360000000E+0000  6.06399713936232E-0008
 3.29925120000000E+0000  5.76162714980234E-0008
 3.30362880000000E+0000  5.48884552880603E-0008
 3.30800640000000E+0000  5.24465837708097E-0008
 3.31238400000000E+0000  5.02817594998851E-0008
 3.31676160000000E+0000  4.83860941667085E-0008
 3.32113920000000E+0000  4.67526798675370E-0008
 3.32551680000000E+0000  4.53755639415942E-0008
 3.32989440000000E+0000  4.42497272886475E-0008
 3.33427200000000E+0000  4.33710660870592E-0008
 3.33864960000000E+0000  4.27363768457154E-0008
 3.34302720000000E+0000  4.23433447353891E-0008
 3.34740480000000E+0000  4.21905351570304E-0008
 3.35178240000000E+0000  4.21879392980758E-0008
 3.35616000000000E+0000  4.21875610426331E-0008
 3.36053760000000E+0000  4.21871857861236E-0008
 3.36491520000000E+0000  4.21868133969518E-0008
 3.36929280000000E+0000  4.21864437214396E-0008
 3.37367040000000E+0000  4.21860765850114E-0008
 3.37804800000000E+0000  4.21857117935401E-0008
 3.38242560000000E+0000  4.21853491348444E-0008
 3.38680320000000E+0000  4.21849883803244E-0008
 3.39118080000000E+0000  4.21846292867251E-0008
 3.39555840000000E+0000  4.21842715980116E-0008
 3.39993600000000E+0000  4.21839150473439E-0008
 3.40431360000000E+0000  4.21835593591342E-0008
 3.40869120000000E+0000  4.21832042511723E-0008
 3.41306880000000E+0000  4.21828494368017E-0008
 3.41744640000000E+0000  4.21824946271301E-0008
 3.42182400000000E+0000  4.21821395332570E-0008
 3.42620160000000E+0000  4.21817838685015E-0008
 3.43057920000000E+0000  4.21814273506134E-0008
 3.43495680000000E+0000  4.21810697039489E-0008
 3.43933440000000E+0000  4.21807106615970E-0008
 3.44371200000000E+0000  4.21803499674371E-0008
 3.44808960000000E+0000  4.21799873781143E-0008
 3.45246720000000E+0000  4.21796226649158E-0008
 3.45684480000000E+0000  4.21792556155349E-0008
 3.46122240000000E+0000  4.21788860357078E-0008
 3.46560000000000E+0000  4.21785137507117E-0008
 3.46997760000000E+0000  4.21781386067121E-0008
 3.47435520000000E+0000  4.21777604719493E-0008
 3.47873280000000E+0000  4.21773792377542E-0008
 3.48311040000000E+0000  4.21769948193863E-0008
 3.48748800000000E+0000  4.21766071566872E-0008
 3.49186560000000E+0000  4.21762162145445E-0008
 3.49624320000000E+0000  4.21758219831625E-0008
 3.50062080000000E+0000  4.21754244781377E-0008
 3.50499840000000E+0000  4.21750237403389E-0008
 3.50937600000000E+0000  4.21746198355915E-0008
 3.51375360000000E+0000  4.21742128541702E-0008
 3.51813120000000E+0000  4.21738029101029E-0008
 3.52250880000000E+0000  4.21733901402914E-0008
 3.52688640000000E+0000  4.21729747034554E-0008
 3.53126400000000E+0000  4.21725567789092E-0008
 3.53564160000000E+0000  4.21721365651781E-0008
 3.54001920000000E+0000  4.21717142784685E-0008
 3.54439680000000E+0000  4.21712901509998E-0008
 3.54877440000000E+0000  4.21708644292144E-0008
 3.55315200000000E+0000  4.21704373718767E-0008
 3.55752960000000E+0000  4.21700092480782E-0008
 3.56190720000000E+0000  4.21695803351622E-0008
 3.56628480000000E+0000  4.21691509165853E-0008
 3.57066240000000E+0000  4.21687212797313E-0008
 3.57504000000000E+0000  4.21682917136955E-0008
 3.57941760000000E+0000  4.21678625070552E-0008
 3.58379520000000E+0000  4.21674339456442E-0008
 3.58817280000000E+0000  4.21670063103493E-0008
 3.59255040000000E+0000  4.21665798749436E-0008
 3.59692800000000E+0000  4.21661549039757E-0008
 3.60130560000000E+0000  4.21657316507299E-0008
 3.60568320000000E+0000  4.21653103552724E-0008
 3.61006080000000E+0000  4.21648912426009E-0008
 3.61443840000000E+0000  4.21644745209092E-0008
 3.61881600000000E+0000  4.21640603799815E-0008
 3.62319360000000E+0000  4.21636489897294E-0008
 3.62757120000000E+0000  4.21632404988813E-0008
 3.63194880000000E+0000  4.21628350338360E-0008
 3.63632640000000E+0000  4.21624326976873E-0008
 3.64070400000000E+0000  4.21620335694297E-0008
 3.64508160000000E+0000  4.21616377033488E-0008
 3.64945920000000E+0000  4.21612500071886E-0008
 3.65383680000000E+0000  4.21608579374523E-0008
 3.65821440000000E+0000  4.21604658713620E-0008
 3.66259200000000E+0000  4.21600738089176E-0008
 3.66696960000000E+0000  4.21596817501192E-0008
 3.67134720000000E+0000  4.21592896949666E-0008
 3.67572480000000E+0000  4.21588976434598E-0008
 3.68010240000000E+0000  4.21585055955989E-0008
 3.68448000000000E+0000  4.21581135513837E-0008
 3.68885760000000E+0000  4.21577215108142E-0008
 3.69323520000000E+0000  4.21573294738905E-0008
 3.69761280000000E+0000  4.21569374406124E-0008
 3.70199040000000E+0000  4.21565454109799E-0008
 3.70636800000000E+0000  4.21561533849931E-0008
 3.71074560000000E+0000  4.21557613626518E-0008
 3.71512320000000E+0000  4.21553693439560E-0008
 3.71950080000000E+0000  4.21549773289057E-0008
 3.72387840000000E+0000  4.21545853175009E-0008
 3.72825600000000E+0000  4.21541933097416E-0008
 3.73263360000000E+0000  4.21538013056276E-0008
 3.73701120000000E+0000  4.21534093051589E-0008
 3.74138880000000E+0000  4.21530173083356E-0008
 3.74576640000000E+0000  4.21526253151576E-0008
 3.75014400000000E+0000  4.21522333256249E-0008
 3.75452160000000E+0000  4.21518413397374E-0008
 3.75889920000000E+0000  4.21514493574950E-0008
 3.76327680000000E+0000  4.21510573788979E-0008
 3.76765440000000E+0000  4.21506654039458E-0008
 3.77203200000000E+0000  4.21502734326389E-0008
 3.77640960000000E+0000  4.21498814649769E-0008
 3.78078720000000E+0000  4.21494895009601E-0008
 3.78516480000000E+0000  4.21490975405882E-0008
 3.78954240000000E+0000  4.21487055838612E-0008
 3.79392000000000E+0000  4.21483136307792E-0008
 3.79829760000000E+0000  4.21479216813421E-0008
 3.80267520000000E+0000  4.21475297355498E-0008
 3.80705280000000E+0000  4.21471377934023E-0008
 3.81143040000000E+0000  4.21467458548996E-0008
 3.81580800000000E+0000  4.21463539200417E-0008
 3.82018560000000E+0000  4.21459619888285E-0008
 3.82456320000000E+0000  4.21455700612599E-0008
 3.82894080000000E+0000  4.21451781373360E-0008
 3.83331840000000E+0000  4.21447862170568E-0008
 3.83769600000000E+0000  4.21443943004221E-0008
 3.84207360000000E+0000  4.21440023874319E-0008
 3.84645120000000E+0000  4.21436104780863E-0008
 3.85082880000000E+0000  4.21432185723851E-0008
 3.85520640000000E+0000  4.21428266703284E-0008
 3.85958400000000E+0000  4.21424347719161E-0008
 3.86396160000000E+0000  4.21420428771482E-0008
 3.86833920000000E+0000  4.21416509860246E-0008
 3.87271680000000E+0000  4.21412590985454E-0008
 3.87709440000000E+0000  4.21408672147104E-0008
 3.88147200000000E+0000  4.21404753345196E-0008
 3.88584960000000E+0000  4.21400834579731E-0008
 3.89022720000000E+0000  4.21396915850707E-0008
 3.89460480000000E+0000  4.21392997158125E-0008
 3.89898240000000E+0000  4.21389078501984E-0008
 3.90336000000000E+0000  4.21385159882283E-0008
 3.90773760000000E+0000  4.21381241299023E-0008
 3.91211520000000E+0000  4.21377322752203E-0008
 3.91649280000000E+0000  4.21373404241823E-0008
 3.92087040000000E+0000  4.21369485767882E-0008
 3.92524800000000E+0000  4.21365567330380E-0008
 3.92962560000000E+0000  4.21361648929317E-0008
 3.93400320000000E+0000  4.21357730564692E-0008
 3.93838080000000E+0000  4.21353812236505E-0008
 3.94275840000000E+0000  4.21349893944756E-0008
 3.94713600000000E+0000  4.21345975689444E-0008
 3.95151360000000E+0000  4.21342057470569E-0008
 3.95589120000000E+0000  4.21338139288131E-0008
 3.96026880000000E+0000  4.21334221142129E-0008
 3.96464640000000E+0000  4.21330303032563E-0008
 3.96902400000000E+0000  4.21326384959433E-0008
 3.97340160000000E+0000  4.21322466922738E-0008
 3.97777920000000E+0000  4.21318548922478E-0008
 3.98215680000000E+0000  4.21314630958653E-0008
 3.98653440000000E+0000  4.21310713031261E-0008
 3.99091200000000E+0000  4.21306795140304E-0008
 3.99528960000000E+0000  4.21302877285781E-0008
 3.99966720000000E+0000  4.21298959467690E-0008
 4.00404480000000E+0000  4.21295041686033E-0008
 4.00842240000000E+0000  4.21291123940808E-0008
 4.01280000000000E+0000  4.21287206232016E-0008
